name: CompRanking_alignment_env
channels:
  - bioconda
  - conda-forge
  - defaults
dependencies:
  - _libgcc_mutex=0.1=conda_forge
  - _openmp_mutex=4.5=1_gnu
  - blast=2.12.0=pl5262h3289130_0
  - boost-cpp=1.74.0=h359cf19_5
  - bzip2=1.0.8=h7f98852_4
  - c-ares=1.18.1=h7f98852_0
  - ca-certificates=2021.10.8=ha878542_0
  - curl=7.81.0=h494985f_0
  - diamond=2.0.13=hdcc8f71_0
  - entrez-direct=16.2=he881be0_0
  - fastqc=0.11.9=hdfd78af_1
  - font-ttf-dejavu-sans-mono=2.37=hab24e00_0
  - fontconfig=2.13.1=hba837de_1005
  - freetype=2.10.4=h0708190_1
  - gettext=0.19.8.1=h73d1719_1008
  - icu=69.1=h9c3ff4c_0
  - kraken2=2.1.2=pl5262h7d875b9_0
  - krb5=1.19.2=h48eae69_3
  - ld_impl_linux-64=2.36.1=hea4e1c9_2
  - libcurl=7.81.0=h494985f_0
  - libedit=3.1.20191231=he28a2e2_2
  - libev=4.33=h516909a_1
  - libffi=3.4.2=h7f98852_5
  - libgcc-ng=11.2.0=h1d223b6_11
  - libgomp=11.2.0=h1d223b6_11
  - libiconv=1.16=h516909a_0
  - libidn2=2.3.2=h7f98852_0
  - libnghttp2=1.43.0=ha19adfc_1
  - libnsl=2.0.0=h7f98852_0
  - libpng=1.6.37=h21135ba_2
  - libssh2=1.10.0=ha35d2d1_2
  - libstdcxx-ng=11.2.0=he4da1e4_11
  - libunistring=0.9.10=h7f98852_0
  - libuuid=2.32.1=h7f98852_1000
  - libxml2=2.9.12=h885dcf4_1
  - libzlib=1.2.11=h36c2ea0_1013
  - lz4-c=1.9.3=h9c3ff4c_1
  - ncurses=6.2=h58526e2_4
  - openjdk=10.0.2=h14c3975_1015
  - openssl=3.0.0=h7f98852_2
  - pcre=8.45=h9c3ff4c_0
  - perl=5.26.2=h36c2ea0_1008
  - perl-archive-tar=2.32=pl526_0
  - perl-carp=1.38=pl526_3
  - perl-common-sense=3.74=pl526_2
  - perl-compress-raw-bzip2=2.087=pl526he1b5a44_0
  - perl-compress-raw-zlib=2.087=pl526hc9558a2_0
  - perl-exporter=5.72=pl526_1
  - perl-exporter-tiny=1.002001=pl526_0
  - perl-extutils-makemaker=7.36=pl526_1
  - perl-io-compress=2.087=pl526he1b5a44_0
  - perl-io-zlib=1.10=pl526_2
  - perl-json=4.02=pl526_0
  - perl-json-xs=2.34=pl526h6bb024c_3
  - perl-list-moreutils=0.428=pl526_1
  - perl-list-moreutils-xs=0.428=pl526_0
  - perl-pathtools=3.75=pl526h14c3975_1
  - perl-scalar-list-utils=1.52=pl526h516909a_0
  - perl-types-serialiser=1.0=pl526_2
  - perl-xsloader=0.24=pl526_0
  - pip=21.3.1=pyhd8ed1ab_0
  - popt=1.16=1
  - python=3.9.9=h543edf9_0_cpython
  - python_abi=3.9=2_cp39
  - readline=8.1=h46c0cb4_0
  - rsync=3.2.3=ha014df6_3
  - setuptools=60.5.0=py39hf3d152e_0
  - sqlite=3.37.0=h9cd32fc_0
  - tar=1.34=ha1f6473_0
  - tk=8.6.11=h27826a3_1
  - trimmomatic=0.39=hdfd78af_2
  - tzdata=2021e=he74cb21_0
  - wget=1.20.3=ha35d2d1_1
  - wheel=0.37.1=pyhd8ed1ab_0
  - xxhash=0.8.0=h7f98852_3
  - xz=5.2.5=h516909a_1
  - zlib=1.2.11=h36c2ea0_1013
  - zstd=1.5.1=ha95c52a_0
  - pip:
    - biopython==1.79
    - docutils==0.18.1
    - glob2==0.7
    - numpy==1.22.0
    - pandas==1.4.0
    - python-dateutil==2.8.2
    - pytz==2021.3
    - six==1.16.0
    - statistics==1.0.3.5

